119 51 118 32 105 117
31 101 125 0 73 59
96 40 118 119 139 120 109 4 2 9 119 125 63 76 130
67 80 24 1 58 45 58 64 92
53 135 106 102 55 108 90 120 1 102 34 30 12 19 61 81 81 50
84 81 4 26 65 34
56 141 21 37 5 39 34 127 100 11 48 2 45 142 6
53 108 67 95 128 142 74 55 1 137 84 113
30 3 128 32 127 9 30 34 62 1 129 69 48 53 140
21 136 126 73 126 68 82 68 132 120 48 3 104 28 55
102 67 73 14 138 137
146 58 59 62 43 103 36 5 32 80 16 60 102 75 53
32 42 93 41 63 107 55 100 2 62 97 21
97 15 33 95 86 114 23 90 105 21 144 125
3 26 23 88 133 138 9 145 86 81 124 46 145 25 5
61 73 110 127 56 147 145 140 120
128 135 118 110 26 0 84 57 134 17 79 20 82 108 56 25 53 23
16 19 36 14 132 136 94 105 147
125 72 96 134 120 119 136 59 112 127 145 74
122 49 31
114 31 80 83 100 148 97 144 34 128 113 145 109 50 22
39 71 140 20 141 33 14 99 16
58 116 42
63 40 150 80 27 100 57 80 54 18 123 101 81 0 18
134 109 126 79 44 94 85 19 149
55 138 78 143 80 120 80 40 145 25 118 133 58 123 125
149 116 52
27 25 62 91 147 134 114 97 70
148 19 7 146 25 2 133 97 123
100 112 46 38 5 104
8 17 130 88 14 93 64 48 139 96 103 37 139 14 39 146 75 88
56 125 19 144 48 8 140 91 125 32 64 71 81 1 101 94 80 18
37 53 124 139 15 5
118 82 26 48 69 58
143 109 112
150 134 86 142 9 14 35 100 138 68 70 70 63 50 26 149 121 76
11 39 150
103 104 31 56 111 134 12 146 29
48 14 128 118 24 44
145 73 10 130 24 16 126 80 140 31 100 67
141 27 47 72 47 16 88 71 29 96 115 78
68 86 42
51 109 38 3 63 61 49 90 137
21 56 146 45 64 105 78 31 17 6 11 117 79 89 117
19 107 130 61 135 106 136 60 26 127 33 60 89 51 28 14 105 103
0 125 77 52 41 23 76 85 107 131 144 16
14 123 146 71 131 126 6 82 37 75 48 114
140 126 9 11 128 117
10 22 5 69 35 87
28 89 55
136 70 77 13 75 79 0 63 118 121 32 29 34 110 50
58 10 23
35 66 150 110 80 147 34 125 136
46 115 93 10 135 132 94 139 75 5 58 71
82 130 150 81 2 7
52 32 77 100 83 113
28 71 118 50 138 126 134 57 16
115 81 72 104 42 117 12 23 114
105 126 105 22 25 25 2 111 123
100 118 113 45 32 32 105 23 99 43 31 35 25 105 108
84 6 72 135 25 73 5 106 117
119 84 6 45 108 88 145 12 74 43 56 145 107 30 127
136 63 10 11 21 96 37 42 88 98 23 109
6 3 18
55 35 97 27 118 131 112 60 67
135 109 59 77 71 1
141 36 113 52 24 103 149 86 42
1 22 37 141 84 6
134 138 39 30 42 85
62 24 50
142 124 20 60 52 92
26 23 142 80 64 105 127 46 135
86 109 123 62 35 23
119 108 34 12 20 11 122 36 91 70 61 71
122 14 35 18 71 40 145 124 29
89 65 146
127 27 64
124 47 29 90 37 104 119 143 145 38 83 102 125 83 13 87 19 76
112 95 68 133 87 98 88 11 36 122 66 141 52 119 35 46 71 58
37 19 87 45 68 36 62 25 6
95 61 57 67 21 92 32 4 52 81 129 38 108 133 102
5 51 39
0 52 142 4 61 35 23 103 137 108 141 77
40 77 75 1 70 66 9 32 50
0 109 3 77 149 75 19 128 33 22 76 48
52 9 19
65 34 15 87 17 4 74 109 124
72 39 143 37 101 67 55 66 11 13 144 137 118 28 116 42 105 130
25 131 0
80 23 136 66 0 71 34 85 108
0 146 51 52 101 98 5 13 48 70 91 134 133 73 54
57 1 123 100 54 33 22 125 44 135 29 107
2 17 94
137 82 57 134 46 17
10 107 109 43 142 5 124 126 97 2 127 137 129 23 101 35 140 9
139 55 139 65 97 38 12 71 104 73 102 102 82 54 11
120 59 12 86 109 31 82 62 15 145 136 60 44 101 125 50 110 32
10 137 126 135 113 128 27 49 26 41 49 112 80 46 59
42 15 120 65 146 12 149 90 101
90 110 76